7.00
5.67
7.00
7.00
6.91
7.00
6.38
7.00
7.00
7.00
7.00
7.00
7.00
7.00
7.00
7.00
7.00
6.33
6.46
7.00
6.33
5.00
1.00
4.27
7.00
7.00
7.00
7.00
7.00
7.00
7.00
7.00
7.00
7.00
7.00
7.00
7.00
5.72
7.00
7.00
1.00
7.00
1.00
7.00
7.00
7.00
7.00
7.00
5.27
7.00
7.00
7.00
7.00
7.00
7.00
7.00
7.00
7.00
7.00
7.00
7.00
7.00
7.00
7.00
7.00
6.04
7.00
7.00
7.00
1.00
7.00
7.00
7.00
7.00
7.00
7.00
7.00
7.00
7.00
5.17
5.00
6.19
7.00
6.85
7.00
7.00
7.00
7.00
6.46
7.00
6.33
7.00
7.00
7.00
7.00
6.60
7.00
7.00
1.00
7.00
7.00
7.00
7.00
7.00
7.00
7.00
7.00
7.00
7.00
7.00
7.00
6.13
7.00
7.00
7.00
7.00
7.00
6.14
1.00
7.00
7.00
7.00
7.00
7.00
7.00
7.00
7.00
7.00
7.00
7.00
6.96
7.00
7.00
7.00
7.00
7.00
7.00
6.13
7.00
7.00
7.00
7.00
7.00
7.00
7.00
7.00
7.00
7.00
7.00
7.00
7.00
7.00
7.00
7.00
6.69
7.00
7.00
6.17
7.00
7.00
7.00
1.00
7.00
7.00
7.00
7.00
7.00
7.00
7.00
7.00
6.78
7.00
7.00
7.00
7.00
7.00
7.00
6.89
7.00
7.00
7.00
6.57
7.00
7.00
7.00
7.00
3.67
7.00
6.87
7.00
6.23
7.00
7.00
7.00
7.00
7.00
7.00
7.00
7.00
7.00
6.38
7.00
7.00
7.00
7.00
7.00
7.00
1.00
1.00
7.00
7.00
1.00
7.00
7.00
1.00
7.00
7.00
7.00
7.00
7.00
7.00
7.00
7.00
4.86
7.00
7.00
7.00
7.00
7.00
7.00
1.00
7.00
7.00
7.00
7.00
6.93
7.00
7.00
7.00
7.00
7.00
7.00
3.63
4.48
7.00
7.00
7.00
7.00
7.00
7.00
4.33
7.00
7.00
7.00
7.00
7.00
7.00
7.00
1.00
1.00
7.00
7.00
6.96
7.00
1.07
7.00
1.00
6.96
4.42
7.00
7.00
7.00
7.00
7.00
7.00
7.00
7.00
7.00
6.91
7.00
7.00
7.00
7.00
7.00
7.00
7.00
7.00
7.00
7.00
7.00
6.36
7.00
6.46
7.00
7.00
7.00
6.91
7.00
7.00
7.00
7.00
7.00
7.00
7.00
4.02
7.00
6.93
6.63
7.00
7.00
7.00
7.00
7.00
7.00
7.00
7.00
7.00
7.00
7.00
7.00
7.00
7.00
7.00
7.00
7.00
7.00
7.00
7.00
6.57
7.00
7.00
7.00
7.00
7.00
6.82
7.00
7.00
7.00
7.00
6.46
3.53
7.00
7.00
5.00
7.00
6.93
7.00
7.00
7.00
7.00
6.33
4.27
7.00
7.00
7.00
3.48
6.02
7.00
7.00
7.00
7.00
7.00
7.00
1.00
7.00
7.00
7.00
7.00
7.00
7.00
1.92
2.83
7.00
7.00
7.00
7.00
1.00
7.00
7.00
7.00
7.00
7.00
7.00
1.00
7.00
7.00
5.75
7.00
7.00
6.57
7.00
7.00
7.00
7.00
7.00
7.00
7.00
7.00
7.00
7.00
6.04
7.00
7.00
7.00
6.13
7.00
7.00
7.00
7.00
7.00
7.00
6.60
7.00
7.00
7.00
7.00
7.00
7.00
7.00
6.48
6.96
7.00
7.00
7.00
7.00
7.00
6.87
4.17
7.00
7.00
7.00
7.00
6.56
7.00
7.00
7.00
5.67
7.00
6.57
7.00
7.00
7.00
3.49
7.00
6.20
7.00
7.00
7.00
7.00
6.05
6.89
7.00
7.00
7.00
6.91
7.00
7.00
6.56
7.00
7.00
7.00
6.89
1.00
5.59
1.00
1.00
7.00
6.07
5.73
5.28
5.10
6.33
5.26
7.00
7.00
6.33
7.00
5.03
7.00
6.96
4.88
7.00
6.14
7.00
6.93
7.00
7.00
7.00
5.28
7.00
5.82
6.60
6.64
6.91
7.00
7.00
1.00
5.83
4.06
6.93
7.00
7.00
6.51
7.00
7.00
1.00
7.00
1.00
5.90
7.00
7.00
5.83
7.00
6.57
7.00
4.79
7.00
7.00
1.00
1.00
6.91
7.00
7.00
4.48
7.00
7.00
6.78
5.49
6.50
7.00
6.40
7.00
5.50
5.87
6.80
7.00
7.00
7.00
7.00
6.46
7.00
1.00
5.83
5.67
6.33
7.00
7.00
7.00
7.00
5.60
1.00
7.00
7.00
7.00
7.00
7.00
7.00
6.67
7.00
6.91
1.00
5.95
7.00
7.00
7.00
1.00
7.00
6.41
7.00
7.00
5.00
7.00
5.66
7.00
7.00
5.50
7.00
6.33
7.00
7.00
6.46
7.00
7.00
7.00
5.53
5.17
6.24
6.91
7.00
6.79
5.19
5.00
1.00
7.00
4.83
6.57
7.00
7.00
5.06
7.00
7.00
6.96
7.00
7.00
7.00
1.00
7.00
5.59
7.00
7.00
7.00
6.33
7.00
5.13
6.51
6.42
7.00
7.00
7.00
7.00
7.00
7.00
7.00
5.04
7.00
6.91
7.00
7.00
6.46
7.00
7.00
4.84
7.00
5.57
7.00
6.56
3.12
7.00
6.91
7.00
5.89
4.79
5.18
4.33
2.33
7.00
7.00
5.07
7.00
6.57
3.64
6.91
7.00
6.96
6.89
1.00
6.04
7.00
7.00
6.04
6.68
7.00
7.00
7.00
7.00
7.00
3.90
5.43
7.00
7.00
6.48
4.92
7.00
7.00
5.49
7.00
5.50
7.00
7.00
7.00
7.00
5.64
5.09
7.00
6.04
7.00
5.97
7.00
6.91
7.00
7.00
7.00
7.00
7.00
7.00
7.00
7.00
4.53
5.61
5.27
7.00
7.00
7.00
1.00
5.67
4.33
5.86
7.00
6.53
6.80
7.00
7.00
6.44
7.00
5.67
7.00
7.00
7.00
4.18
6.47
6.93
7.00
5.66
2.60
7.00
3.97
7.00
4.30
7.00
7.00
6.91
6.57
7.00
5.90
7.00
7.00
7.00
7.00
7.00
5.67
1.00
1.00
6.33
7.00
6.36
1.00
7.00
1.00
1.00
6.33
7.00
5.11
1.00
7.00
7.00
6.91
6.57
1.00
6.89
7.00
4.51
6.56
6.18
7.00
1.00
7.00
5.50
7.00
6.96
7.00
7.00
6.36
1.00
3.46
7.00
1.00
7.00
4.50
1.00
7.00
5.00
7.00
4.33
5.01
7.00
5.47
6.46
6.04
5.90
7.00
7.00
7.00
7.00
6.46
7.00
7.00
7.00
7.00
6.96
1.00
7.00
7.00
5.67
7.00
6.13
4.04
6.87
7.00
7.00
1.00
5.13
5.78
7.00
5.40
7.00
7.00
5.48
6.42
5.83
7.00
7.00
4.57
7.00
7.00
7.00
7.00
7.00
7.00
5.67
7.00
5.99
7.00
7.00
6.68
7.00
6.57
4.17
3.53
7.00
5.89
6.44
6.93
7.00
7.00
6.89
7.00
7.00
7.00
1.00
7.00
7.00
6.60
6.91
7.00
1.00
7.00
7.00
7.00
5.76
1.62
7.00
6.42
6.33
1.00
6.80
1.00
6.38
7.00
7.00
7.00
1.00
5.12
6.93
7.00
4.10
7.00
7.00
7.00
6.93
7.00
7.00
5.60
1.43
1.00
6.33
1.00
6.91
6.91
7.00
7.00
6.79
1.11
1.00
4.47
7.00
7.00
1.00
7.00
7.00
6.82
4.83
6.89
7.00
7.00
7.00
3.67
7.00
5.89
5.13
7.00
7.00
7.00
4.18
6.91
4.50
7.00
5.68
7.00
7.00
7.00
7.00
7.00